33
121
496
883
961
1031
1190
1333
1419
1428
1429
1646
1827
2116
2384
2395
2506
2542
2646
2718
3129
3312
3314
3336
3686
3817
3895
4112
4275
4298
4367
4422
4659
4836
4927
5774
6133
6244
6427
6474
6660
6677
6784
8351
8392
8591
8621
8750
8908
9003
9086
9415
9633
9642
9886
10199
10422
10492
11209
11375
11559
11560
11905
12021
12511
12747
12897
14011
14099
14338
14388
14543
14750
14883
14916
15256
15392
15536
15620
15864
16341
16383
16585
16796
17056
17062
17257
17564
17997
18376
18766
18999
19093
19373
19676
19909
20024
20272
20461
20594
20805
20929
21251
21300
21373
21538
21857
21951
21981
21999
22188
22240
22495
22602
22931
23018
23102
23227
23391
23456
23467
24454
24717
24975
25184
25277
25317
25543
26154
26188
26436
26889
27282
27294
27319
27906
28336
28573
28606
29051
29209
29564
30320
30338
30553
30563
30569
30858
31283
31365
31403
31517
31540
32156
32274
32320
32441
32744
32880
32918
33019
33174
33191
33197
33539
33973
34089
34197
34333
34506
34681
34695
34936
35378
35383
35647
35755
35908
36053
36148
36715
37233
37464
37876
38304
38332
39011
39680
39838
39953
40579
40641
40698
40811
40869
41047
41099
42207
42624
42732
42749
43100
43579
43637
44073
44144
44183
44386
44505
44528
44692
44785
45209
45707
46351
46496
46625
46958
46959
47425
47602
48845
48984
49723
49943
50011
50373
50845
50925
51015
51098
51200
51405
52038
52250
52589
53200
53211
53251
53745
53788
54495
54564
54798
54862
54961
55064
55230
56123
56492
56562
56580
57241
57452
57486
57866
58172
59045
59123
59238
59446
59553
59968
61054
61802
62205
62289
62367
62630
62764
62873
63274
63498
64570
65236
65303
65604
65619
65716
65913
65933
66387
66708
67256
67608
68120
68244
68353
68398
68861
70193
70281
70534
71283
71511
71885
71984
72046
72430
72635
72843
72900
72972
73064
74396
74484
74802
74985
75252
75560
75621
75758
75833
76244
76624
76719
76769
77094
77289
77826
78333
78452
78541
79023
79047
79278
79422
79434
79542
80068
80179
80612
80981
81043
81646
82056
82076
82895
83185
83199
83325
83569
83769
84119
84958
85469
85872
85939
86527
86852
86890
87579
87601
87852
87957
88139
88571
89590
90693
90881
91301
91624
91791
91909
92014
92077
92174
92640
92801
92818
92852
93061
93062
93386
93524
93822
94236
94282
94510
94779
95064
95247
95469
95470
96007
96136
96447
96458
96585
96838
96890
97384
97674
97759
97881
98026
98503
98593
98597
98719
98825
98887
99345
99452
99608
99800
100137
100503
100594
101301
101551
101679
101769
102004
102150
102240
102311
102531
102644
102810
102896
103271
103625
103935
104081
104206
104327
104335
104805
104914
105141
105799
106041
106132
106183
106328
106459
106839
106902
107163
107169
107233
107401
107731
108598
108607
109167
109286
109614
110324
110378
110595
111182
111494
112106
112933
113236
113343
114606
115114
115487
115781
115805
115816
115818
115944
116424
118113
119248
119271
119876
120033
120221
120777
121039
121200
121274
121313
121365
121467
121507
121852
122133
122360
122447
122517
122834
123361
123364
123394
123474
123709
123792
124029
124296
124599
124709
124791
124885
124904
125167
125170
125491
125867
126111
127338
127437
127586
127705
127826
127996
128025
128071
128638
128744
128804
128989
129064
129183
129664
129785
130016
130432
130453
131003
131033
131666
131879
132333
133019
133118
134040
134087
134113
134221
134795
134885
134965
135017
135127
135442
135664
135892
136122
136448
136842
138019
138728
141134
141141
141573
141960
142351
142475
142485
142710
142715
143081
143092
143289
143320
143847
144032
144749
144759
144841
144933
145018
145355
145681
145882
145971
146080
146273
146327
146525
146791
147350
147471
147948
148191
148437
148897
149042
149199
149232
149281
149802
149806
149952
150009
150228
150575
150680
150705
151352
151480
151618
151637
152199
152348
152352
152671
152708
152796
153053
153844
154503
154945
155300
155763
156040
156097
156358
157321
157371
157674
158076
158285
158290
158852
159969
160163
160823
161765
161871
162304
162335
162492
162523
162604
162724
163031
163129
163361
163519
164000
164119
164248
164664
164892
164945
166092
166500
166501
166840
167039
167164
167199
167212
167478
167563
167934
168210
168322
168575
168816
169262
169263
169931
170087
170179
170182
170292
170564
170586
170881
170897
171125
171311
171412
172465
172759
172806
173090
173341
173342
173663
173765
173825
174051
174059
174111
174259
174622
174623
175224
175682
176060
176372
176741
177216
177228
178608
178853
179039
180009
180738
181355
181535
181578
181642
181764
182180
182673
182786
182933
183150
183262
183563
183580
183676
184146
184303
184374
184531
184639
184655
184677
184967
184984
185324
185579
185862
185887
186071
186417
186556
186762
186850
188089
188298
188557
188561
188579
189009
189438
189583
189605
189879
189900
189912
190235
191367
191823
191867
192118
192399
192573
193123
193203
193216
193262
193281
193347
193769
194114
194203
194319
194366
194691
194835
194901
195131
195377
195473
195787
195962
196181
196267
196350
196887
197450
197782
198092
198776
199251
199972
199998
200024
200261
200314
200861
200903
201013
201372
201392
201839
202145
202350
202366
203759
203777
203832
203908
204082
204375
204869
205091
205267
205534
206177
206213
206563
206595
206883
206981
207292
207440
208165
208953
209490
209494
209699
209784
209944
210072
210636
210686
210757
211221
211504
211875
211896
211999
212358
212934
212960
212994
213385
213459
213898
214132
214243
214637
214762
215193
215195
215606
216545
216927
217558
218207
218262
218772
220022
220291
220533
220620
220655
220977
220992
221711
221827
222062
222793
222836
223159
223241
223483
223511
223686
223976
224472
224670
224685
224828
225726
226066
226087
226140
226509
226512
227677
227966
228329
228661
229336
230064
230090
230157
230228
230240
230561
230746
231083
231747
232107
232554
232824
233201
233280
233453
233640
233961
234107
234147
234179
234814
234992
235068
235197
235402
235577
235616
235920
236528
236827
237000
237076
237126
237621
238092
238625
238664
238798
238906
239067
239773
240082
241254
241968
242167
242258
242302
242491
242550
243115
243250
243430
243595
243637
243649
243876
243882
244284
244393
244533
244555
244731
245379
245556
245580
245646
246027
246071
246117
246159
246240
247234
247686
248174
248248
248477
248643
248672
248731
248782
248785
249286
249499
249587
249782
250060
250090
250663
250781
251094
251241
251347
251707
251806
252123
252264
252640
254264
254885
254978
255430
255878
257248
257629
257801
258558
259387
259469
259523
259539
259573
259648
259861
260016
260340
260391
260548
260927
261601
261610
261777
262105
262237
262384
262617
263165
263394
264004
264070
264079
265181
265311
265365
265588
265834
266059
266143
266172
266246
266708
266763
266922
267035
267155
267376
267465
268189
268376
268454
268504
268712
268871
269386
269419
269439
269528
269668
270368
270756
270863
271002
271041
271048
271364
271970
271972
272558
273027
273106
273139
273346
273563
273909
273993
274028
274294
274368
274702
275366
275685
275833
276114
276415
276439
276456
277392
277434
277726
277863
277900
277933
278033
278166
278458
279668
279892
279921
279989
280429
280566
280732
280822
280963
281426
281581
281814
282490
282921
283424
283662
283724
283782
283835
283978
284508
284699
284864
285241
285340
285528
285555
285862
285879
285927
286060
286438
286681
286887
286974
287089
287137
287308
287464
288060
288073
288363
288858
289272
289482
289642
289705
290091
290739
290905
291756
292244
292247
292580
292717
292726
293331
293371
293803
294187
294722
294993
295049
295498
295790
295926
296203
296556
297192
297307
297522
297697
297914
298591
298729
298730
298941
299418
300104
300938
301079
301828
301924
302524
302589
302671
302892
303400
303567
303627
303703
303914
304267
304320
304352
304354
304525
305080
305227
305332
305735
305924
306105
307308
307351
308219
308834
308869
309079
309250
309303
309449
309642
309790
309802
310034
310113
310140
310428
310456
310503
310675
310753
310926
311349
311507
311646
311764
312186
312283
312299
312778
312785
312855
313385
313443
313610
314188
314610
314947
315222
315262
315671
315683
316754
316956
317185
317608
317958
318197
318702
319269
319345
319811
320030
320123
320374
320693
321021
321181
321211
321397
321437
321590
321716
321789
322140
322289
322296
322397
322417
323009
323142
324943
325445
325587
326441
326677
327603
327699
327733
327929
328036
328051
328054
328880
329134
329443
329536
330023
330123
330697
330829
331371
331995
332024
332158
332183
332842
333172
333400
333936
334395
334412
334418
334547
334589
334602
334654
334655
335198
335364
335417
335457
335879
335920
337366
337669
338546
338585
339702
339752
340719
340798
340960
341048
341089
341482
342177
342600
343554
343671
343778
345074
345108
345127
345349
345505
345588
345641
345675
345930
346071
346299
346411
346691
346758
346802
346833
347106
347115
347289
347693
348226
348790
348866
349238
349383
349786
350148
350445
350446
350492
350841
350877
350883
350955
351090
351111
351187
351355
351691
352315
352643
352728
352768
352770
352887
353458
354136
354280
354439
354517
355196
355433
355706
356272
356706
357299
357405
357463
357545
357678
357726
358021
358065
358135
358196
358765
359582
360160
360188
361342
361603
362180
362721
362885
362979
363192
363820
364716
364780
364909
365958
366149
366213
366524
367183
367609
367982
368532
368902
369038
369062
369641
369725
369819
369964
369976
370011
370215
370252
370257
370463
370487
370672
371201
371298
371307
371409
371876
372111
372299
372561
372678
372801
373338
373541
373699
374016
374383
374467
374870
374921
375123
375256
375308
375321
376003
376553
377812
377847
378010
378200
378210
378229
378619
378764
380175
380350
380510
380823
380938
381141
381684
382156
382161
382186
382197
382349
382744
382802
382853
383141
383972
384124
384229
385075
385628
385898
386754
387644
387651
387805
387991
388684
388910
388952
388953
388955
389114
389180
389356
389625
389676
389861
390010
390245
391038
391335
391573
391739
391948
392004
392198
392297
392574
392702
392779
392813
392943
393793
394314
394378
394383
394397
394782
395538
395624
395876
395935
395953
396747
397035
397266
397803
398162
398267
398730
399151
399995
400262
400444
400531
400803
400853
401472
401521
401669
401976
403090
403784
403888
403899
404150
404233
404795
404851
404919
405322
405848
406005
406144
406149
406740
406780
406875
407112
407226
407446
407919
407956
408032
408481
408546
410265
410316
410543
411066
411265
411534
411924
413197
413288
413326
413537
413691
413787
414177
414445
414460
414623
414915
414942
414993
415492
415502
415839
416085
416150
416203
416398
416482
417068
417143
417341
417483
417687
417960
418197
418316
418719
418769
418877
419589
419657
419729
419768
420401
420808
420913
421029
421264
421342
421407
421541
421600
421812
422105
422520
423350
423373
423874
423909
424072
424199
424243
424410
424440
424505
425678
425966
426539
426606
426811
427001
427355
427738
427805
428184
428346
428511
428746
428961
429012
429461
429606
430099
430286
431135
431305
432057
432124
432172
432369
432408
432548
432554
432692
432813
432927
433243
434162
434344
434392
434397
434561
434682
435282
435333
435361
435811
436125
436346
436450
436727
436756
437210
437771
438174
438624
438893
438982
439298
439379
439527
439773
440169
440712
441683
441818
441861
442166
442193
442194
442341
442479
442704
443802
444210
444389
444525
444632
444989
445017
445144
445207
445547
445743
446424
447003
447019
447085
447372
447422
447825
448176
448560
448600
448610
448795
448870
449168
450410
451039
451103
451393
451451
452004
452298
452512
453033
453270
453553
453819
453924
454332
454497
454595
455204
456941
457055
457320
457580
457980
458052
458174
458201
458214
458222
458525
458565
458590
458743
459130
459149
459366
459408
459756
459813
460044
460151
460465
461205
461266
461437
461439
461488
461597
461651
462081
462257
463118
463626
463667
463700
463839
463987
464044
464489
464522
464660
464764
464806
464837
465204
465715
466495
466884
466917
467139
467220
467304
467348
468060
468338
468460
468535
468707
468797
468978
469792
469924
470125
470241
470757
470931
471064
471406
471407
471565
471724
471867
471913
472606
473170
473259
473450
473610
473702
473914
473944
474060
474150
474155
474479
474584
474726
475216
475990
476718
476802
476871
477355
477458
477678
477746
478031
478659
478950
479663
479800
479833
479952
480042
480133
480141
480701
480745
480762
480885
481024
481034
481044
481140
481637
481868
481908
482076
482339
482816
482851
483227
483762
484102
484217
484219
484380
484608
484717
484869
485285
485320
485531
485848
485850
485870
486054
486407
487577
487865
487903
487935
488425
488492
488680
488964
489278
489313
489464
489661
489735
490490
491292
491422
491565
491729
492341
492458
492689
492996
493564
493850
494067
494651
495000
495300
495336
495412
495444
495508
495520
495694
495884
495983
496611
496638
497341
497383
498223
498710
498712
498785
499081
499358
499369
499473
499740
500254
500314
500733
500923
500925
500945
501261
501529
502015
502146
502247
502310
502412
502437
502596
502969
503169
503309
503375
503639
503804
503934
504036
504214
504467
504813
504936
505763
505879
506419
506760
506845
507286
507379
507424
507574
507727
508049
508153
508345
508692
508711
508966
509283
510464
510607
511046
511489
511625
511636
511886
511965
512318
512673
512998
514017
514068
514548
514861
515537
515753
515821
516225
516629
517253
517715
518053
518531
518701
519063
519379
519656
519783
520061
520161
520273
520637
520934
521059
522361
522950
523227
523243
523402
523672
523719
524206
